#{"t_start": 1768999774.271065, "env_id": "FetchReachDense-v4"}
r,l,t
-12.180437,50,1.090906
-12.187427,50,1.134654
-12.121692,50,1.639489
-6.258356,50,2.006086
-10.839711,50,2.356179
-17.904444,50,2.720917
-8.15531,50,3.088154
-14.403543,50,3.483948
-9.112578,50,3.867224
-13.456172,50,4.222943
-16.947369,50,4.583137
-17.471357,50,4.966686
-12.398587,50,5.344032
-11.139055,50,5.718494
-18.604651,50,6.099086
-14.604266,50,6.458979
-16.131472,50,6.821319
-13.294676,50,7.183408
-9.149334,50,7.534297
-19.892738,50,7.895353
-9.288352,50,8.267461
-18.228732,50,8.642339
-13.921443,50,9.038388
-7.713255,50,9.431326
-7.890494,50,9.83599
-17.494691,50,10.24392
-13.946899,50,10.630781
-10.878561,50,11.014211
-10.427266,50,11.411071
-18.643123,50,11.808517
-10.069046,50,12.208423
-9.972924,50,12.598278
-13.626159,50,13.009732
-14.076459,50,13.426517
-10.505863,50,13.837133
-15.612248,50,14.271789
-13.387077,50,14.651757
-11.130641,50,15.04815
-7.318611,50,15.420909
-12.552384,50,15.809711
-9.881817,50,16.206052
-9.994349,50,16.657644
-10.110334,50,17.05285
-5.055122,50,17.486477
-10.076872,50,17.884722
-5.783041,50,18.276268
-11.343938,50,18.677132
-14.115881,50,19.118232
-7.812064,50,19.498614
-9.51049,50,19.862071
-9.412411,50,21.032726
-8.20794,50,21.46195
-4.462737,50,21.881772
-3.542974,50,22.378025
-5.388281,50,22.766448
-5.162198,50,23.142955
-7.54269,50,23.519685
-5.236457,50,23.894016
-6.027414,50,24.273204
-6.818268,50,24.655059
-7.255673,50,25.047293
-7.095469,50,25.440786
-7.281651,50,25.827151
-4.333265,50,26.215923
-4.826136,50,26.603469
-6.355667,50,27.007173
-6.183892,50,27.406206
-3.089132,50,27.794009
-4.753963,50,28.210176
-4.085808,50,28.603149
-5.454308,50,28.993961
-6.331808,50,29.382097
-4.385963,50,29.769125
-4.429717,50,30.164042
-3.57965,50,30.558178
-3.791507,50,30.936471
-4.730011,50,31.330036
-4.552277,50,31.703186
-3.919514,50,32.096217
-2.960994,50,32.486852
-3.206543,50,32.9579
-5.534064,50,33.416012
-5.857866,50,33.830364
-3.443235,50,34.193933
-3.938831,50,34.579113
-4.134574,50,34.954021
-2.17922,50,35.361874
-3.698857,50,35.751118
-5.214533,50,36.146531
-2.247589,50,36.575026
-3.998095,50,36.982919
-3.986529,50,37.369028
-3.116534,50,37.755089
-3.697566,50,38.134923
-3.09035,50,38.529165
-1.747674,50,38.91205
-2.865481,50,39.320142
-2.907128,50,39.721749
-2.356621,50,40.159778
-2.185848,50,40.575981
-2.46108,50,41.75543
-3.462497,50,42.172141
-1.784812,50,42.571226
-2.738157,50,42.989974
-1.31879,50,43.495319
-2.828607,50,43.91071
-1.826708,50,44.312248
-1.570299,50,44.694471
-3.474992,50,45.093263
-2.062304,50,45.50306
-3.276158,50,45.9587
-2.244375,50,46.334956
-2.812368,50,46.708472
-2.104206,50,47.080762
-2.559654,50,47.476
-2.713938,50,47.884394
-2.175625,50,48.278882
-2.889108,50,48.662834
-2.176565,50,49.04293
-1.507436,50,49.426075
-2.769747,50,49.806479
-1.314763,50,50.205869
-1.616858,50,50.619993
-2.713272,50,51.141811
-2.263027,50,51.547743
-1.72687,50,51.933144
-2.485739,50,52.307311
-2.860026,50,52.694609
-2.715881,50,53.096041
-2.097403,50,53.525539
-2.264842,50,53.94852
-1.589492,50,54.329778
-2.191471,50,54.707186
-1.112698,50,55.075224
-2.461476,50,55.434383
-1.672676,50,55.804189
-2.067769,50,56.271907
-3.301925,50,56.636312
-1.482304,50,57.006637
-2.257306,50,57.369896
-2.13904,50,57.775104
-1.510028,50,58.143129
-1.65727,50,58.522115
-3.096724,50,58.90246
-2.016841,50,59.308337
-1.581072,50,59.663682
-2.37362,50,60.073919
-2.805216,50,60.48102
-2.470615,50,60.868722
-3.229745,50,61.245192
-3.60364,50,62.358901
-1.456676,50,62.775686
-1.96651,50,63.238635
-1.468687,50,63.629663
-2.821791,50,63.999927
-2.459383,50,64.357655
-1.711066,50,64.718652
-2.313731,50,65.107825
-1.240653,50,65.482146
-1.396808,50,65.85855
-1.636227,50,66.252824
-1.500636,50,66.722805
-2.308852,50,67.161916
-2.755569,50,67.533045
-1.636808,50,67.963349
-2.499737,50,68.369096
-2.09326,50,68.731144
-2.622726,50,69.118975
-2.325041,50,69.493718
-3.015168,50,69.889838
-1.819692,50,70.265538
-2.334427,50,70.658074
-1.465818,50,71.052956
-1.241161,50,71.446165
-2.687689,50,71.864047
-1.691593,50,72.243891
-2.70408,50,72.624603
-1.490686,50,73.019955
-2.064384,50,73.442766
-1.003701,50,73.823436
-1.53702,50,74.203904
-2.286477,50,74.587539
-2.44248,50,74.98091
-2.016867,50,75.406657
-2.493464,50,75.838374
-1.561111,50,76.276684
-1.801662,50,76.689644
-2.98523,50,77.104265
-3.285737,50,77.52347
-1.901024,50,77.938118
-3.068673,50,78.347104
-0.99948,50,78.74641
-1.687866,50,79.178027
-1.21537,50,79.593821
-2.760253,50,80.007479
-2.674587,50,80.397958
-2.350101,50,80.833721
-1.582851,50,81.242495
-1.490819,50,81.635612
-1.548676,50,82.059709
-1.379225,50,83.223155
-1.430884,50,83.620991
-1.849421,50,84.021193
-1.187098,50,84.421991
-2.231628,50,84.822965
-1.898492,50,85.223483
-1.373029,50,85.62468
-1.254693,50,86.047366
-1.564244,50,86.47799
-1.410218,50,86.913994
-1.61197,50,87.341207
-1.246849,50,87.786551
-1.479131,50,88.232671
-2.536993,50,88.633422
-1.985519,50,89.058139
-2.344426,50,89.455982
-1.189584,50,89.850982
-2.053787,50,90.246639
-1.157883,50,90.640875
-1.833162,50,91.034986
-1.345897,50,91.452722
-2.169925,50,91.883432
-1.038981,50,92.30686
-1.720644,50,92.759988
-2.152638,50,93.181138
-1.90412,50,93.59186
-1.587206,50,94.006742
-1.17724,50,94.4191
-1.218827,50,94.844876
-1.856816,50,95.236731
-2.271866,50,95.632031
-1.786817,50,96.037725
-1.548294,50,96.42816
-1.635797,50,96.821757
-2.546482,50,97.23106
-1.832719,50,97.643502
-1.290954,50,98.0433
-2.578551,50,98.432275
-1.576763,50,98.829705
-1.817367,50,99.246711
-1.582188,50,99.673121
-2.523429,50,100.118185
-2.007606,50,100.517514
-1.125913,50,100.915336
-1.115628,50,101.350062
-2.493144,50,101.761629
-1.977844,50,102.187401
-1.54084,50,102.610542
-1.073508,50,103.011432
-2.267796,50,103.405355
-1.866515,50,104.61065
-2.118167,50,105.056344
-2.316666,50,105.490333
-3.985453,50,105.926605
-1.295577,50,106.36062
-1.34198,50,106.782445
-1.657853,50,107.182979
-1.270693,50,107.59202
-2.015461,50,107.988033
-1.34976,50,108.381875
-1.336606,50,108.822677
-1.651503,50,109.253142
-1.91426,50,109.648416
-1.341799,50,110.038588
-1.663554,50,110.432994
-1.040816,50,110.821215
-1.221835,50,111.24843
-1.319791,50,111.687062
-2.189343,50,112.135138
-1.161316,50,112.545055
-1.466111,50,112.973762
-0.957509,50,113.40857
-1.988972,50,113.871037
-1.297609,50,114.321866
-1.330834,50,114.772872
-1.604454,50,115.248575
-2.703344,50,115.711998
-1.592143,50,116.236665
-1.639083,50,116.673008
-1.259295,50,117.077521
-2.677647,50,117.470637
-1.704754,50,117.864068
-1.881055,50,118.260339
-0.810999,50,118.634511
-3.54417,50,119.017009
-1.636544,50,119.406497
-1.411686,50,119.821966
-1.653919,50,120.286481
-1.352386,50,120.685856
-1.119361,50,121.078988
-0.922239,50,121.479968
-1.800822,50,121.865974
-1.798338,50,122.272412
-2.063374,50,122.712061
-2.366884,50,123.142199
-1.529658,50,123.558747
-1.656996,50,123.96015
-1.399057,50,124.366693
-1.673727,50,124.778125
-1.531538,50,125.228133
-1.299498,50,126.488289
-1.310078,50,126.914868
-1.180704,50,127.336162
-1.580503,50,127.772958
-1.458807,50,128.228144
-1.477776,50,128.675809
-2.12205,50,129.134991
-1.31197,50,129.608319
-1.293395,50,130.054395
-1.216128,50,130.480739
-1.403972,50,130.880523
-2.33326,50,131.282897
-1.762237,50,131.688859
-1.379892,50,132.140045
-1.014714,50,132.616342
-1.383366,50,133.092668
-1.282154,50,133.561208
-1.269716,50,133.967901
-1.162981,50,134.370399
-1.453835,50,134.775895
-1.221586,50,135.172659
-1.254295,50,135.594116
-1.658739,50,136.00363
-1.229023,50,136.428151
-2.289438,50,136.869766
-1.200567,50,137.31282
-1.740505,50,137.749652
-2.44813,50,138.196151
-2.178607,50,138.660981
-1.340151,50,139.127862
-2.097158,50,139.609787
-1.466724,50,140.061732
-0.786576,50,140.48279
-1.466398,50,140.904809
-1.334166,50,141.324321
-1.426331,50,141.761849
-1.110698,50,142.213089
-1.571845,50,142.642839
-1.47372,50,143.0939
-1.51044,50,143.515187
-1.561425,50,143.917681
-1.127156,50,144.317804
-1.998227,50,144.727
-1.359407,50,145.131028
-1.368999,50,145.536545
-1.107808,50,145.937711
-1.398848,50,146.329716
-0.995232,50,146.737583
-0.929655,50,147.149748
-1.494538,50,147.572942
-2.190091,50,148.82969
-1.558586,50,149.258049
-1.422058,50,149.698604
-1.739207,50,150.137024
-1.195526,50,150.553975
-1.22236,50,150.960633
-1.557814,50,151.357082
-2.068556,50,151.772355
-2.037357,50,152.20738
-1.020612,50,152.612743
-2.627094,50,153.048222
-1.489742,50,153.44964
-1.730267,50,153.848414
-1.622801,50,154.262451
-1.391192,50,154.657793
-1.822303,50,155.070957
-1.252296,50,155.477033
-1.38645,50,155.871228
-1.414509,50,156.265021
-1.346501,50,156.692403
-1.558705,50,157.132044
-1.382012,50,157.572206
-1.408143,50,158.017977
-1.362045,50,158.441933
-1.033915,50,158.871677
-1.484932,50,159.296107
-1.239921,50,159.726497
-1.66534,50,160.152402
-1.183895,50,160.56309
-2.339878,50,160.968212
-1.564473,50,161.38305
-0.958618,50,161.832037
-1.93131,50,162.248183
-1.319553,50,162.652153
-1.689625,50,163.057096
-1.409488,50,163.488923
-1.036244,50,163.887885
-1.590699,50,164.302045
-1.670791,50,164.710671
-1.468243,50,165.114679
-1.60771,50,165.516937
-1.565006,50,165.923948
-1.585317,50,166.347619
-1.138643,50,166.790543
-1.29065,50,167.227507
-2.248557,50,167.672856
-1.356611,50,168.103028
-1.969148,50,168.537458
-1.344638,50,168.967442
-1.257948,50,169.396978
-1.674842,50,170.642997
-1.265107,50,171.049843
-1.245961,50,171.462212
-1.118751,50,171.865991
-1.389097,50,172.267672
-1.250866,50,172.67516
-1.929653,50,173.080029
-1.336988,50,173.51762
-1.612158,50,173.949979
-1.12512,50,174.425061
-1.336067,50,174.870042
-1.3656,50,175.258528
-1.438677,50,175.656968
-1.074542,50,176.05404
-1.273221,50,176.463703
-1.955167,50,176.976948
-1.576538,50,177.432755
-1.257398,50,177.859868
-1.665541,50,178.319959
-1.566859,50,178.731941
-1.753389,50,179.16373
-1.176975,50,179.589818
-2.115147,50,180.070834
-1.518419,50,180.463382
-2.499794,50,180.85736
-1.609868,50,181.269052
-1.777011,50,181.664821
-1.503035,50,182.062439
-2.486941,50,182.473795
-1.299313,50,182.918039
-1.574157,50,183.331705
-1.377058,50,183.717047
-1.517631,50,184.129663
-1.21472,50,184.543917
-2.679859,50,184.942935
-1.579936,50,185.328753
-2.625858,50,185.727172
-1.809139,50,186.131331
-1.199925,50,186.529803
-1.803625,50,186.918663
-2.282717,50,187.336778
-1.450432,50,187.72687
-2.189299,50,188.149777
-1.733703,50,188.56829
-2.0997,50,188.998241
-1.846633,50,189.45303
-1.617863,50,189.920511
-1.142074,50,190.398319
-1.467176,50,190.833621
-1.223314,50,191.270792
-2.033603,50,192.513971
-1.4792,50,192.956693
-1.592013,50,193.423923
-1.185185,50,193.911081
-1.300187,50,194.384331
-1.675006,50,194.838886
-1.2837,50,195.2839
-1.586305,50,195.6858
-1.037768,50,196.091718
-1.511419,50,196.489702
-1.485269,50,196.908255
-1.816668,50,197.348138
-2.175008,50,197.778438
-1.69608,50,198.20394
-2.046906,50,198.64995
-1.709995,50,199.092868
-1.88722,50,199.537231
-1.170416,50,200.001562
-1.47374,50,200.432623
-1.642241,50,200.851894
-1.671176,50,201.241792
-1.818743,50,201.631176
-1.499956,50,202.013918
-1.529286,50,202.378093
-1.33978,50,202.754576
-1.626095,50,203.198135
-1.720364,50,203.615788
-1.09817,50,203.985011
-1.1944,50,204.373032
-1.513211,50,204.773872
-1.511186,50,205.192713
-2.443144,50,205.606704
-1.710935,50,206.029962
-1.462555,50,206.428778
-1.396776,50,206.839995
-1.112311,50,207.255025
-1.907618,50,207.674001
-1.477665,50,208.098151
-1.232725,50,208.482865
-2.191254,50,208.915492
-1.197628,50,209.349598
-1.282917,50,209.791773
-0.953718,50,210.227873
-2.18319,50,210.660006
-1.262568,50,211.05715
-0.897846,50,211.447666
-1.488349,50,211.849725
-1.315415,50,212.274446
-1.552426,50,212.679791
-1.689496,50,213.1006
-1.723256,50,214.29734
-1.545222,50,214.703826
-1.761282,50,215.115214
-1.719044,50,215.535116
-1.779565,50,215.969906
-1.252129,50,216.398402
-1.445382,50,216.800642
-1.515671,50,217.195023
-1.36927,50,217.591079
-1.208032,50,218.023832
-1.391785,50,218.470257
-1.069389,50,218.909542
-1.335028,50,219.33514
-1.830231,50,219.776372
-2.523646,50,220.180053
-1.440848,50,220.582087
-1.161483,50,221.021144
-1.690586,50,221.47689
-1.261447,50,221.919938
-1.279121,50,222.383126
-1.116273,50,222.821002
-1.539509,50,223.259586
-1.045851,50,223.666265
-1.171993,50,224.081814
-1.012064,50,224.521729
-1.346228,50,224.937083
-1.456716,50,225.33533
-1.085939,50,225.736721
-1.872167,50,226.161717
-1.94612,50,226.557921
-1.883667,50,226.958798
-1.409099,50,227.38502
-0.80431,50,227.806611
-1.311508,50,228.196971
-1.183282,50,228.590062
-1.154428,50,229.030033
-2.142071,50,229.432642
-1.078907,50,229.831923
-1.135443,50,230.24439
-1.881036,50,230.672056
-1.485825,50,231.121722
-1.659664,50,231.564
-2.060774,50,231.998541
-2.894513,50,232.433974
-2.631289,50,232.884607
-2.03288,50,233.303668
-2.072033,50,233.729899
-1.814805,50,234.167102
-0.914289,50,234.615625
-1.08597,50,235.05429
-1.222788,50,236.271764
-1.332162,50,236.723178
-1.410587,50,237.168768
-1.105259,50,237.576361
-1.43216,50,237.972818
-1.752543,50,238.369714
-1.297006,50,238.77021
-1.740342,50,239.199907
-1.381235,50,239.639781
-1.500001,50,240.083273
-1.897684,50,240.486836
-1.973841,50,240.890315
-2.004233,50,241.286575
-1.297079,50,241.677907
-1.473211,50,242.109705
-1.80577,50,242.532913
-1.674043,50,242.935871
-1.069423,50,243.330325
-1.362793,50,243.740898
-2.43377,50,244.175274
-1.646852,50,244.601314
-1.131472,50,245.027027
-1.521907,50,245.461009
-1.337749,50,245.903978
-1.273169,50,246.336205
-1.207167,50,246.768404
-1.099958,50,247.189795
-1.024552,50,247.583475
-1.41509,50,247.984985
-2.107768,50,248.418291
-2.187938,50,248.860997
-2.026172,50,249.274039
-1.878248,50,249.673754
-1.969799,50,250.118465
-1.021447,50,250.558379
-0.756002,50,251.001031
-1.223341,50,251.436779
-1.35815,50,251.866033
-1.274025,50,252.308497
-0.842781,50,252.740887
-1.360145,50,253.173545
-1.581027,50,253.566872
-1.096911,50,253.991423
-1.012252,50,254.417974
-1.101768,50,254.851573
-1.751095,50,255.279913
-1.277374,50,255.711967
-1.761569,50,256.15539
-1.246231,50,256.60156
-1.174022,50,257.012904
-1.272249,50,258.220059
-0.938232,50,258.667543
-1.641193,50,259.117945
-1.447507,50,259.560482
-1.901831,50,260.000001
-1.434423,50,260.436409
-1.562611,50,260.83353
-1.148814,50,261.232842
-1.321065,50,261.660328
-1.763333,50,262.115951
-1.94313,50,262.575465
-1.506722,50,263.037404
-1.116745,50,263.485802
-1.09372,50,263.913236
-1.334693,50,264.346194
-1.127124,50,264.764215
-1.194009,50,265.153831
-1.361914,50,265.560021
-1.662908,50,265.957334
-1.340518,50,266.349768
-1.032677,50,266.769628
-1.226353,50,267.163132
-1.526614,50,267.564709
-1.15729,50,267.956119
-0.996924,50,268.353364
-1.488706,50,268.769724
-1.650793,50,269.162894
-1.005313,50,269.55828
-1.484211,50,269.950603
-1.208297,50,270.343423
-1.118368,50,270.751591
-1.16322,50,271.154423
-1.360075,50,271.554154
-1.676132,50,271.963042
-1.2867,50,272.354512
-2.126535,50,272.769868
-1.166057,50,273.157521
-1.189695,50,273.5613
-1.142349,50,273.959597
-1.883823,50,274.350769
-1.265654,50,274.753475
-1.180966,50,275.143803
-1.200285,50,275.594853
-1.484147,50,276.074936
-1.633139,50,276.494829
-1.295923,50,276.893034
-1.27753,50,277.272816
-1.44791,50,277.665494
-2.147342,50,278.04786
-2.223602,50,278.446303
-1.401556,50,279.65587
-1.398379,50,280.058104
-1.33631,50,280.473977
-1.523573,50,280.888278
-1.469814,50,281.286403
-1.639152,50,281.688476
-1.90412,50,282.119569
-1.858026,50,282.521766
-1.563732,50,282.929944
-1.941587,50,283.336046
-0.974618,50,283.740947
-1.46981,50,284.147872
-1.365366,50,284.551451
-1.5767,50,284.973902
-1.433863,50,285.383848
-1.305821,50,285.821918
-1.083794,50,286.236123
-1.62272,50,286.63738
-1.78699,50,287.038267
-1.323898,50,287.437476
-0.916335,50,287.850095
-1.34516,50,288.255388
-1.174008,50,288.695355
-1.191367,50,289.147875
-1.115021,50,289.578447
-1.4509,50,289.988597
-1.840046,50,290.386453
-1.602314,50,290.783852
-1.171969,50,291.182893
-1.358145,50,291.596324
-1.158479,50,292.028057
-1.062824,50,292.440531
-1.070431,50,292.848507
-1.866704,50,293.250727
-1.799641,50,293.656819
-1.346106,50,294.066482
-1.522736,50,294.491907
-1.178818,50,294.956796
-1.452566,50,295.421113
-1.861486,50,295.838681
-1.41821,50,296.241029
-1.3891,50,296.646159
-1.295007,50,297.064524
-1.258355,50,297.507033
-1.808179,50,297.919695
-1.823608,50,298.359824
-1.473612,50,298.802876
-1.497952,50,299.233933
-0.988233,50,299.663931
-1.344221,50,300.063699
-1.353397,50,301.267447
-1.215337,50,301.706889
-1.384162,50,302.165004
-1.80338,50,302.606957
-2.085441,50,303.027027
-1.44028,50,303.432894
-1.321663,50,303.833032
-1.138831,50,304.25549
-1.222691,50,304.707868
-1.493331,50,305.135894
-2.05965,50,305.575011
-1.767013,50,305.993781
-1.261155,50,306.410008
-1.856788,50,306.845157
-1.164162,50,307.239786
-1.19235,50,307.666885
-1.428828,50,308.081741
-2.478232,50,308.53547
-1.781775,50,309.012374
-2.256022,50,309.485821
-1.664431,50,309.940935
-2.065873,50,310.377733
-1.444939,50,310.812881
-1.444923,50,311.256271
-1.786114,50,311.722008
-1.151715,50,312.214779
-1.144949,50,312.652841
-1.696307,50,313.055114
-2.03813,50,313.455576
-1.973638,50,313.852685
-2.066019,50,314.276103
-1.646185,50,314.697186
-0.847133,50,315.150115
-1.03676,50,315.607097
-0.943024,50,316.027579
-1.655772,50,316.440313
-2.109479,50,316.865889
-1.370955,50,317.274225
-1.659824,50,317.748201
-1.741345,50,318.230963
-1.647436,50,318.654584
-1.470843,50,319.057932
-1.222415,50,319.446294
-1.957324,50,319.831088
-2.156317,50,320.240167
-1.490042,50,320.648652
-1.251428,50,321.04464
-1.221311,50,321.445851
-0.975343,50,321.850016
-1.305213,50,322.26629
-1.259159,50,323.508854
-1.327721,50,323.925795
-1.254946,50,324.346064
-1.899144,50,324.758332
-1.301842,50,325.178781
-1.180643,50,325.609652
-1.155122,50,326.055889
-1.234742,50,326.483864
-1.648129,50,326.906097
-0.923058,50,327.311218
-1.296459,50,327.72459
-1.416361,50,328.146945
-1.586233,50,328.578424
-2.121848,50,329.002964
-2.15485,50,329.428692
-1.527418,50,329.866833
-1.685947,50,330.288361
-2.002933,50,330.734267
-1.855627,50,331.198804
-1.457954,50,331.640247
-1.589218,50,332.078537
-2.062345,50,332.502421
-2.29809,50,332.916002
-1.560435,50,333.337352
-1.468135,50,333.777745
-1.207748,50,334.231103
-0.920968,50,334.669283
-2.150573,50,335.122719
-1.074364,50,335.548044
-1.470389,50,335.991079
-1.013749,50,336.425069
-1.511981,50,336.874218
-1.229924,50,337.298489
-1.376522,50,337.738881
-1.650581,50,338.152867
-1.175083,50,338.601015
-1.998816,50,339.074167
-1.454284,50,339.516203
-1.791167,50,339.992046
-1.509439,50,340.460432
-1.28981,50,340.922976
-1.248376,50,341.384166
-1.313882,50,341.865473
-1.435374,50,342.357242
-1.948621,50,342.791005
-1.201371,50,343.193159
-1.851975,50,343.593066
-1.41404,50,343.990799
-1.568617,50,344.419615
-1.615259,50,344.880181
-2.506106,50,346.053682
-1.865217,50,346.460171
-1.455838,50,346.88101
-2.239949,50,347.280043
-2.203328,50,347.694967
-1.445768,50,348.120709
-1.155178,50,348.551979
-1.129635,50,348.994571
-1.93238,50,349.43691
-1.632005,50,349.855532
-1.214346,50,350.309811
-1.481123,50,350.780921
-1.646286,50,351.242759
-1.692471,50,351.704804
-2.958612,50,352.175056
-1.491706,50,352.629819
-2.284231,50,353.049257
-1.935781,50,353.464054
-1.743532,50,353.873829
-1.426756,50,354.283787
-1.618572,50,354.718593
-1.663973,50,355.139598
-2.122153,50,355.57465
-1.241593,50,356.01808
-1.557027,50,356.425609
-1.163194,50,356.846333
-1.571744,50,357.281184
-1.280821,50,357.686082
-1.649776,50,358.099986
-1.24796,50,358.517422
-1.18879,50,358.926964
-1.465894,50,359.34632
-1.407232,50,359.794832
-1.245231,50,360.238278
-1.694172,50,360.672605
-1.956996,50,361.163731
-1.316804,50,361.614379
-1.863286,50,362.014004
-1.663584,50,362.440371
-1.623438,50,362.873662
-1.57258,50,363.311631
-1.295807,50,363.73612
-1.944767,50,364.158884
-1.747889,50,364.593805
-1.774341,50,365.033365
-1.133151,50,365.449585
-1.2612,50,365.874726
-1.262058,50,366.283962
-1.281734,50,366.69506
-1.152832,50,367.106295
-1.144647,50,368.285744
-1.752149,50,368.724912
-1.478708,50,369.165071
-1.579873,50,369.600673
-1.587687,50,370.042729
-1.480637,50,370.451186
-2.401198,50,370.863042
-1.755644,50,371.281519
-1.158927,50,371.711288
-1.351241,50,372.118245
-1.480658,50,372.541849
-1.131218,50,372.953346
-1.17482,50,373.410899
-1.223068,50,373.852337
-1.540027,50,374.268212
-1.461486,50,374.669538
-1.411133,50,375.062693
-1.170472,50,375.468539
-1.401065,50,375.888775
-1.882189,50,376.292911
-1.159707,50,376.716972
-1.844093,50,377.144354
-1.673332,50,377.542971
-1.495123,50,377.961402
-1.907606,50,378.393911
-1.940341,50,378.827102
-1.622909,50,379.223738
-1.312704,50,379.652684
-1.048948,50,380.112038
-1.296025,50,380.551888
-2.189465,50,380.99116
-1.692645,50,381.424356
-1.487418,50,381.844418
-1.929564,50,382.243912
-2.043118,50,382.650145
-1.211193,50,383.05982
-1.450773,50,383.468514
-1.594559,50,383.880866
-1.660479,50,384.279989
-1.565973,50,384.703434
-2.248963,50,385.116187
-1.67286,50,385.521935
-1.775039,50,385.946341
-1.382244,50,386.359781
-1.978718,50,386.777469
-1.341846,50,387.214332
-1.058385,50,387.667953
-1.251503,50,388.121902
-1.996892,50,388.567553
-1.864486,50,389.027611
-1.518653,50,390.279541
-1.731746,50,390.695348
-2.2191,50,391.092838
-1.121011,50,391.490798
-1.245705,50,391.893291
-1.63226,50,392.285361
-1.905594,50,392.688602
-1.380992,50,393.117066
-1.348394,50,393.524837
-1.327954,50,393.928966
-1.599382,50,394.328097
-1.502041,50,394.774155
-1.210561,50,395.218461
-1.293232,50,395.650336
-2.017617,50,396.073009
-1.827453,50,396.496089
-2.101477,50,396.933473
-1.995636,50,397.341112
-1.65011,50,397.778157
-1.02873,50,398.185925
-1.150113,50,398.592956
-1.20522,50,399.019548
-1.60501,50,399.453135
-1.514256,50,399.860069
-1.493524,50,400.26179
-1.439991,50,400.657325
-1.071406,50,401.052008
-0.864723,50,401.44858
-1.464434,50,401.866374
-1.376691,50,402.285854
-1.880494,50,402.710565
-1.6195,50,403.126842
-1.751504,50,403.524122
-1.503318,50,403.944295
-1.954921,50,404.346054
-0.965388,50,404.756803
-1.780059,50,405.181946
-1.389938,50,405.610691
-2.100632,50,406.032944
-1.996234,50,406.438004
-2.788891,50,406.859612
-1.744671,50,407.275984
-1.286285,50,407.689958
-1.282535,50,408.111405
-1.732605,50,408.529158
-1.682563,50,408.973712
-1.561897,50,409.413841
-1.345351,50,409.859668
-1.198409,50,410.296432
-1.78251,50,410.694055
-1.559001,50,411.853949
-1.416726,50,412.291391
-1.381182,50,412.728848
-1.106696,50,413.186792
-1.029106,50,413.631786
-1.027052,50,414.06649
-1.591586,50,414.472814
-1.477827,50,414.897022
-1.15513,50,415.305929
-1.06929,50,415.716268
-1.558297,50,416.141733
-1.480057,50,416.547822
-1.242687,50,416.970159
-0.844442,50,417.380732
-1.260963,50,417.792817
-0.803356,50,418.211181
-1.38288,50,418.632182
-1.486459,50,419.067682
-1.758594,50,419.478197
-2.134509,50,419.923475
-1.847899,50,420.34199
-1.446928,50,420.75952
-1.114576,50,421.195154
-1.993262,50,421.642715
-1.574905,50,422.0909
-1.641035,50,422.524521
-0.945682,50,423.001589
-2.072734,50,423.416189
-1.241258,50,423.838246
-1.402412,50,424.253223
-1.240242,50,424.695984
-1.372974,50,425.110313
-2.261754,50,425.521492
-1.901882,50,425.939894
-1.173944,50,426.365138
-1.395988,50,426.769613
-1.974631,50,427.190604
-1.525012,50,427.60082
-1.55412,50,428.030693
-1.333229,50,428.464733
-1.525577,50,428.872869
-1.975448,50,429.275664
-1.19563,50,429.702995
-0.948485,50,430.147483
-1.535979,50,430.595317
-1.305442,50,431.027518
-1.250548,50,431.435996
-1.285832,50,431.835361
-1.614738,50,432.241623
-1.718267,50,432.635731
-1.40432,50,433.848441
-1.773116,50,434.273819
-1.811657,50,434.673028
-1.474376,50,435.081587
-1.340422,50,435.49297
-1.83367,50,435.908373
-1.672519,50,436.346807
-1.425081,50,436.754613
-2.037443,50,437.169698
-1.888163,50,437.601441
-1.576021,50,438.010977
-0.943601,50,438.414705
-1.599531,50,438.849665
-1.336934,50,439.289746
-1.669183,50,439.68982
-1.403994,50,440.090689
-1.815923,50,440.495973
-1.04497,50,440.903948
-1.82014,50,441.361661
-1.573787,50,441.821937
-1.665523,50,442.25154
-0.861223,50,442.694296
-1.006226,50,443.104907
-1.469633,50,443.514012
-2.261532,50,443.928304
-1.818689,50,444.335348
-1.190462,50,444.739835
-1.238957,50,445.149889
-1.556422,50,445.568734
-1.719899,50,446.000154
-1.189478,50,446.435129
-1.401695,50,446.895307
-1.561432,50,447.354832
-1.778213,50,447.775758
-1.886927,50,448.208368
-0.950391,50,448.635242
-1.194334,50,449.057558
-1.281808,50,449.487036
-1.333228,50,449.911627
-0.827821,50,450.351345
-1.306185,50,450.793095
-1.65027,50,451.229002
-1.823565,50,451.660841
-0.939639,50,452.112696
-0.864057,50,452.561696
-1.196663,50,453.01732
-1.374088,50,453.473034
-1.098587,50,453.896918
-1.161006,50,454.306213
-1.133136,50,454.718288
-1.166609,50,455.964957
-2.187571,50,456.382001
-1.799436,50,456.797189
-1.875735,50,457.230057
-1.964569,50,457.646228
-1.242503,50,458.071929
-1.743245,50,458.488348
-1.501542,50,458.900563
-1.956347,50,459.32776
-1.820807,50,459.772769
-1.159923,50,460.227614
-1.470611,50,460.669712
-1.043082,50,461.102017
-1.074493,50,461.528588
-1.24765,50,461.971614
-1.195944,50,462.404983
-1.504409,50,462.845406
-1.72071,50,463.284568
-1.347338,50,463.698741
-1.082006,50,464.120532
-1.628946,50,464.563595
-1.380281,50,464.963514
-1.289925,50,465.362629
-1.099724,50,465.76755
-1.48529,50,466.167684
-1.372411,50,466.57791
-1.514775,50,466.988247
-2.21858,50,467.413805
-1.484706,50,467.827924
-2.032362,50,468.228351
-1.227299,50,468.641205
-1.24674,50,469.059911
-1.370867,50,469.488404
-1.280515,50,469.89621
-1.494388,50,470.322956
-1.607641,50,470.77509
-1.007473,50,471.24499
-1.59618,50,471.688102
-1.497937,50,472.127287
-1.22357,50,472.609818
-1.583388,50,473.071933
-1.229951,50,473.546847
-1.251643,50,473.958395
-1.450907,50,474.396472
-2.030562,50,474.838305
-1.877191,50,475.273841
-2.134755,50,475.691284
-1.526074,50,476.121517
-1.194047,50,476.554665
-1.24732,50,476.971887
-1.258833,50,478.177264
-1.274426,50,478.578715
-1.168087,50,478.98449
-1.168486,50,479.387327
-2.067852,50,479.794007
-2.004336,50,480.210761
-1.192157,50,480.655993
-1.837299,50,481.060657
-1.249712,50,481.479616
-1.195438,50,481.889718
-1.230861,50,482.326742
-1.396592,50,482.770496
-1.18805,50,483.218323
-1.876079,50,483.648784
-1.167712,50,484.096121
-1.793281,50,484.522815
-1.340846,50,484.933634
-1.136065,50,485.345926
-0.971823,50,485.763867
-1.043437,50,486.210925
-1.35029,50,486.641081
-1.877626,50,487.056706
-1.434945,50,487.478216
-2.103787,50,487.921549
-1.502508,50,488.366873
-1.207953,50,488.779527
-1.449318,50,489.181664
-1.783258,50,489.613305
-1.114711,50,490.047662
-1.36238,50,490.473604
-1.439837,50,490.871663
-1.240094,50,491.275517
-1.324838,50,491.685961
-1.013919,50,492.089849
-1.453468,50,492.503002
-2.440058,50,492.914009
-2.708102,50,493.346839
-1.477744,50,493.782802
-1.525608,50,494.179826
-1.220836,50,494.603843
-1.898432,50,495.06046
-0.869983,50,495.47104
-1.821012,50,495.892498
-1.349399,50,496.301047
-0.830284,50,496.71368
-1.141122,50,497.121047
-0.82341,50,497.531644
-1.22296,50,497.938786
-1.422371,50,498.335566
-1.376348,50,498.737965
-1.863148,50,499.953395
-0.908591,50,500.391051
-1.082557,50,500.847814
-1.343454,50,501.27973
-1.351083,50,501.710953
-1.532339,50,502.124749
-1.18681,50,502.537535
-1.013843,50,502.972649
-0.948403,50,503.393304
-0.955022,50,503.810637
-1.378251,50,504.231031
-1.148183,50,504.665605
-1.440518,50,505.073797
-1.072979,50,505.483918
-0.92765,50,505.900359
-1.241123,50,506.343315
-1.178244,50,506.780548
-1.755738,50,507.168295
-1.131238,50,507.546449
-1.208103,50,507.93838
-1.171103,50,508.319356
-1.456373,50,508.705365
-1.243954,50,509.17214
-1.479946,50,509.604456
-1.302469,50,509.97486
-1.252191,50,510.385592
-1.575872,50,510.7999
-1.552543,50,511.18013
-2.10267,50,511.589117
-1.404448,50,512.065157
-1.570433,50,512.547053
-1.032229,50,512.994899
-1.449865,50,513.375558
-2.013466,50,513.752856
-1.128806,50,514.137868
-0.965123,50,514.519919
-1.165163,50,514.932784
-1.350199,50,515.360637
-1.571254,50,515.778275
-1.164607,50,516.166062
-1.618766,50,516.549992
-1.410413,50,516.938353
-1.029328,50,517.326907
-1.716215,50,517.715119
-1.840619,50,518.124822
-0.74611,50,518.543835
-1.343181,50,518.96284
-1.203798,50,519.354633
-1.129668,50,519.780524
-1.286378,50,520.205223
-1.796102,50,521.417031
-1.906577,50,521.849842
-1.594868,50,522.2854
-1.619189,50,522.714674
-1.203208,50,523.125731
-1.069355,50,523.52531
-1.126616,50,523.943937
-0.898903,50,524.357123
-1.447456,50,524.761129
-1.760626,50,525.180146
-1.868194,50,525.60545
-1.418913,50,526.022805
-0.814849,50,526.417045
-1.336913,50,526.817874
-1.367602,50,527.253927
-1.435622,50,527.655083
-1.372934,50,528.06161
-1.740462,50,528.471929
-1.452577,50,528.902528
-2.435835,50,529.337697
-0.876447,50,529.74287
-1.630724,50,530.148159
-1.588331,50,530.541364
-1.778224,50,530.94332
-1.281806,50,531.339053
-0.942861,50,531.769549
-1.428816,50,532.212853
-1.253421,50,532.636528
-1.513924,50,533.04986
-1.070079,50,533.460594
-1.163416,50,533.877988
-1.883197,50,534.31074
-1.257255,50,534.721381
-1.416665,50,535.142643
-1.889393,50,535.569895
-1.270457,50,535.982728
-1.249172,50,536.392887
-1.473388,50,536.800884
-1.511045,50,537.23013
-0.921989,50,537.666341
-1.12744,50,538.126924
-1.74479,50,538.554864
-1.368022,50,538.958192
-0.950225,50,539.365566
-1.196459,50,539.762925
-1.081274,50,540.209647
-0.888447,50,540.634807
-1.074812,50,541.066053
-1.032032,50,541.527744
-1.136842,50,541.996256
-1.242784,50,543.357613
-1.766302,50,543.798449
-1.551285,50,544.276556
-1.186954,50,544.677155
-1.012754,50,545.097193
-1.14187,50,545.50586
-1.522886,50,545.88817
-1.66298,50,546.267463
-1.01416,50,546.653532
-1.210886,50,547.028893
-1.060038,50,547.433778
-1.198727,50,547.861569
-1.102938,50,548.253069
-1.869125,50,548.615689
-0.910422,50,548.973312
-1.16384,50,549.361595
-1.087717,50,549.743722
-0.910181,50,550.124397
-1.605321,50,550.514424
-1.82106,50,550.904902
-1.149154,50,551.307677
-1.553992,50,551.685909
-1.764237,50,552.064011
-1.185473,50,552.545604
-1.298844,50,552.983617
-1.671651,50,553.384611
-1.238939,50,553.76198
-1.162422,50,554.152766
-0.910487,50,554.535912
-1.073378,50,554.922832
-0.901974,50,555.32009
-0.961888,50,555.719809
-1.286743,50,556.104506
-1.624455,50,556.482752
-1.172898,50,556.869864
-1.876545,50,557.302797
-2.422919,50,557.748875
-1.708903,50,558.193
-1.528366,50,558.62606
-1.330336,50,559.069868
-1.441924,50,559.482942
-1.423116,50,559.938183
-1.772613,50,560.381768
-1.263912,50,560.81353
-1.674743,50,561.24427
-1.155363,50,561.685871
-1.288223,50,562.095571
-1.536213,50,562.535307
-1.532056,50,562.969771
-1.015971,50,563.441943
-1.368204,50,564.584665
-1.044796,50,564.986894
-1.368746,50,565.405795
-1.517732,50,565.793919
-1.376062,50,566.228031
-2.100715,50,566.669734
-1.541678,50,567.124218
-1.314187,50,567.568839
-1.558533,50,568.019907
-1.538157,50,568.453766
-1.273352,50,568.876424
-1.419325,50,569.328912
-1.538237,50,569.746954
-1.557899,50,570.143269
-1.217429,50,570.5339
-1.315491,50,570.920466
-1.352996,50,571.331693
-1.017204,50,571.757799
-1.145855,50,572.197256
-1.278483,50,572.593662
-1.133819,50,572.988368
-0.940764,50,573.380599
-1.134629,50,573.769953
-1.346083,50,574.1625
-1.173937,50,574.575818
-1.053145,50,575.027656
-1.244326,50,575.467859
-1.452944,50,575.909392
-1.343193,50,576.348345
-1.046318,50,576.766898
-1.001022,50,577.19708
-1.418296,50,577.634212
-0.829828,50,578.078739
-1.347586,50,578.506502
-1.391125,50,578.928598
-1.05698,50,579.361788
-0.814456,50,579.783347
-0.889967,50,580.247676
-0.996771,50,580.683383
-0.963047,50,581.124242
-1.031666,50,581.542764
-1.236754,50,581.955329
-1.021347,50,582.384937
-1.468219,50,582.834456
-1.268177,50,583.272835
-1.392183,50,583.700765
-1.355965,50,584.156327
-1.73624,50,584.622887
-0.967783,50,585.07157
-2.004361,50,585.548803
-1.91058,50,586.762755
-1.829043,50,587.1625
-1.04604,50,587.549738
-1.893566,50,587.938897
-1.017645,50,588.378649
-1.0423,50,588.803516
-0.940476,50,589.232732
-1.380697,50,589.664057
-1.088493,50,590.058089
-1.790289,50,590.445924
-1.064088,50,590.862758
-1.119615,50,591.340546
-1.241837,50,591.800741
-1.238025,50,592.248657
-1.196708,50,592.647857
-1.23123,50,593.033638
-1.126385,50,593.422847
-1.451657,50,593.853742
-0.990672,50,594.318903
-1.181511,50,594.763794
-1.156934,50,595.175145
-1.011633,50,595.55852
-1.312049,50,595.937886
-1.033954,50,596.360136
-0.807323,50,596.818259
-0.641447,50,597.280727
-1.458004,50,597.707466
-1.40456,50,598.112088
-1.115813,50,598.517569
-0.950963,50,598.945778
-1.228089,50,599.354542
-0.764823,50,599.785209
-1.092776,50,600.198402
-1.014963,50,600.602842
-1.185705,50,600.999939
-1.041897,50,601.404797
-1.357657,50,601.797871
-0.766624,50,602.234512
-1.340414,50,602.672656
-1.40971,50,603.087856
-1.101146,50,603.488041
-0.755187,50,603.901004
-1.425207,50,604.295131
-1.047214,50,604.684222
-1.823486,50,605.069516
-2.400654,50,605.457659
-1.583237,50,605.857803
-1.405718,50,606.291044
-1.305473,50,606.686817
-1.400372,50,607.081546
-1.077875,50,608.249636
-0.859776,50,608.657815
-0.90103,50,609.072895
-0.823786,50,609.47583
-1.070277,50,609.865867
-1.332332,50,610.289835
-1.161839,50,610.738073
-1.153115,50,611.125724
-0.985368,50,611.523118
-1.085059,50,611.971747
-1.212579,50,612.401334
-1.956874,50,612.830589
-1.073836,50,613.268276
-1.055507,50,613.711846
-0.943076,50,614.136471
-1.197564,50,614.532945
-1.037984,50,614.937395
-1.224765,50,615.332655
-1.512404,50,615.772642
-1.930355,50,616.226011
-0.974247,50,616.656781
-1.383321,50,617.05956
-1.028913,50,617.471521
-1.155067,50,617.863697
-1.011095,50,618.388184
-0.815021,50,618.817825
-2.458408,50,619.200785
-1.519205,50,619.553978
-1.028643,50,619.921819
-1.141508,50,620.289611
-0.953956,50,620.689829
-1.276972,50,621.11806
-0.975083,50,621.527793
-0.92991,50,621.941545
-0.979816,50,622.339791
-0.884757,50,622.720879
-1.059882,50,623.108358
-1.257031,50,623.50568
-0.939017,50,623.888495
-0.924869,50,624.308425
-1.566597,50,624.691483
-1.88335,50,625.072595
-1.791672,50,625.485352
-1.456024,50,625.889557
-1.922399,50,626.285349
-1.092583,50,626.675976
-1.157704,50,627.068258
-1.352169,50,627.452365
-1.021318,50,627.843158
-0.91012,50,628.249882
-0.811149,50,629.431317
-1.587571,50,629.822525
-1.468639,50,630.235615
-0.942474,50,630.648208
-1.356242,50,631.042651
-1.037583,50,631.453568
-1.695329,50,631.842785
-1.226132,50,632.23714
-1.390215,50,632.634896
-1.12292,50,633.056295
-1.147581,50,633.453705
-1.026286,50,633.846258
-0.901842,50,634.244746
-1.240153,50,634.622464
-1.209147,50,635.006688
-1.399144,50,635.387932
-1.283297,50,635.773765
-0.858062,50,636.179553
-0.995424,50,636.57488
-0.757631,50,636.959981
-1.341373,50,637.350652
-1.841103,50,637.734385
-1.310229,50,638.126003
-1.096899,50,638.531581
-1.16283,50,638.914741
-0.921155,50,639.328619
-1.524576,50,639.733927
-1.448753,50,640.124681
-1.231607,50,640.524574
-1.009664,50,640.913657
-1.926702,50,641.304945
-0.9361,50,641.705495
-1.005073,50,642.087924
-1.113713,50,642.47376
-0.880908,50,642.859575
-1.694132,50,643.277776
-1.118301,50,643.659691
-1.453352,50,644.061691
-1.423562,50,644.490472
-1.420476,50,644.928506
-1.443992,50,645.317361
-1.226043,50,645.745282
-1.120782,50,646.150282
-1.145934,50,646.602208
-1.795629,50,647.009728
-0.887221,50,647.389561
-1.507908,50,647.765441
-1.020996,50,648.17099
-1.329532,50,648.548774
-0.857615,50,648.927735
-0.882388,50,650.064665
-1.221444,50,650.463999
-1.720693,50,650.852167
-1.136605,50,651.245672
-1.449279,50,651.636145
-0.910756,50,652.041539
-1.000492,50,652.440891
-1.420679,50,652.833207
-1.121704,50,653.231506
-1.189027,50,653.630495
-0.987618,50,654.023705
-1.195926,50,654.415635
-1.805729,50,654.850573
-1.031367,50,655.282289
-0.898779,50,655.709805
-0.986094,50,656.116045
-1.191074,50,656.550952
-1.366193,50,656.985608
-1.185608,50,657.416559
-1.032512,50,657.860886
-0.99322,50,658.307593
-1.011605,50,658.739679
-1.403447,50,659.164163
-1.081231,50,659.582264
-1.402296,50,660.028291
-1.250153,50,660.462172
-0.897928,50,660.904868
-1.263808,50,661.367094
-0.969007,50,661.785079
-1.137099,50,662.212038
-1.141743,50,662.627506
-1.142052,50,663.064902
-1.088784,50,663.497246
-1.463462,50,663.922471
-1.483384,50,664.373734
-1.290133,50,664.804179
-1.08012,50,665.255045
-1.915417,50,665.704851
-1.080283,50,666.1329
-0.921655,50,666.566077
-0.57369,50,666.988204
-1.208047,50,667.419793
-1.058246,50,667.856449
-1.007365,50,668.289583
-1.094134,50,668.702967
-0.523986,50,669.128487
-1.252204,50,669.548666
-1.14774,50,669.992906
-1.526071,50,670.447671
-1.321297,50,670.87367
-1.231775,50,672.059803
-0.893961,50,672.486744
-1.126718,50,672.91572
-1.071971,50,673.34844
-0.936822,50,673.795308
-1.138505,50,674.206232
-1.600762,50,674.63687
-0.74987,50,675.070485
-0.754259,50,675.497942
-1.15763,50,675.930614
-1.601663,50,676.368794
-1.482237,50,676.81106
-1.593335,50,677.256886
-1.251409,50,677.690537
-0.979185,50,678.128268
-1.658974,50,678.568603
-0.73059,50,679.015217
-0.766756,50,679.453899
-1.501613,50,679.889642
-1.250571,50,680.32967
-0.917688,50,680.760384
-1.336165,50,681.192737
-1.446418,50,681.648131
-1.74512,50,682.089737
-1.436012,50,682.508303
-1.498884,50,682.924045
-2.276067,50,683.339431
-1.424486,50,683.768687
-0.755535,50,684.224269
-1.304606,50,684.661896
-1.19699,50,685.097986
-1.068139,50,685.536047
-1.155328,50,685.979846
-1.890471,50,686.424779
-1.096086,50,686.868874
-1.66783,50,687.282495
-1.383554,50,687.696404
-1.475531,50,688.134815
-1.032954,50,688.540919
-0.952248,50,688.95167
-0.938688,50,689.402509
-1.752302,50,689.834437
-1.296309,50,690.263612
-1.883459,50,690.66958
-0.881013,50,691.09501
-1.155783,50,691.508255
-0.917083,50,691.920656
-1.049187,50,692.333738
-1.72905,50,692.74244
-0.798921,50,693.17146
-2.029152,50,694.378094
-0.961974,50,694.822429
-1.015403,50,695.262923
-1.485428,50,695.702421
-0.981149,50,696.156833
-1.057367,50,696.56445
-1.159881,50,696.952217
-1.216242,50,697.371336
-1.526742,50,697.809619
-1.156011,50,698.246217
-0.870831,50,698.660899
-0.84237,50,699.074784
-0.782236,50,699.483792
-0.997702,50,699.892888
-1.044155,50,700.322903
-1.159654,50,700.740702
-1.074536,50,701.127798
-0.841676,50,701.520348
-1.283788,50,701.94449
-1.053861,50,702.379411
-1.000216,50,702.812103
-1.300194,50,703.236291
-0.998809,50,703.661025
-0.905752,50,704.0927
-1.017554,50,704.506771
-0.887723,50,704.901684
-1.131849,50,705.295117
-1.205431,50,705.698829
-1.312603,50,706.135702
-0.985704,50,706.565881
-1.421476,50,707.001785
-1.319927,50,707.432951
-1.050326,50,707.869776
-0.724561,50,708.305233
-1.061851,50,708.743169
-0.909966,50,709.174996
-1.618177,50,709.612002
-1.316441,50,710.054253
-2.002251,50,710.463902
-0.951006,50,710.865148
-0.677658,50,711.299579
-0.903607,50,711.733769
-0.852569,50,712.188522
-1.081717,50,712.591644
-1.107629,50,713.023314
-1.240331,50,713.50466
-1.122939,50,713.939862
-0.981747,50,714.350866
-1.251666,50,714.757867
-1.062025,50,715.184593
-1.284037,50,716.557944
-1.006733,50,717.011749
-1.557585,50,717.44597
-1.311601,50,717.891132
-1.30374,50,718.312876
-1.120409,50,718.722718
-0.907782,50,719.147187
-1.367093,50,719.538142
-1.29295,50,719.942926
-1.027518,50,720.343243
-1.21247,50,720.745797
-1.17341,50,721.151894
-1.60916,50,721.611698
-1.103847,50,722.053482
-1.384484,50,722.493767
-1.23437,50,722.887322
-1.232396,50,723.257338
-1.226232,50,723.627731
-1.427435,50,724.004001
-0.905767,50,724.384007
-1.230769,50,724.773913
-0.946105,50,725.186292
-1.010769,50,725.646879
-0.992559,50,726.021423
-1.607823,50,726.392791
-1.242498,50,726.760579
-1.396006,50,727.153954
-0.985238,50,727.541102
-0.774139,50,727.949418
-1.277506,50,728.383185
-1.325462,50,728.771816
-0.644226,50,729.174757
-1.144803,50,729.582238
-1.274692,50,730.02655
-1.28644,50,730.45398
-1.017674,50,730.868264
-1.376543,50,731.2936
-1.127533,50,731.711714
-0.784076,50,732.148101
-1.504957,50,732.585189
-1.451324,50,733.068007
-0.967473,50,733.472787
-1.18868,50,733.899476
-0.790052,50,734.354517
-1.259019,50,734.779393
-1.248793,50,735.202671
-1.013356,50,735.604914
-0.49641,50,735.997988
-1.335092,50,736.387744
-1.167012,50,736.772575
-1.119464,50,737.991462
-1.69715,50,738.389783
-1.477962,50,738.791469
-1.092122,50,739.186318
-0.972221,50,739.570789
-0.894593,50,739.968506
-0.801744,50,740.396262
-1.066938,50,740.849805
-0.896349,50,741.274817
-0.957439,50,741.672691
-1.133257,50,742.087619
-1.568462,50,742.521312
-1.741517,50,742.95608
-1.029093,50,743.366326
-1.458808,50,743.777468
-1.575083,50,744.202337
-1.382468,50,744.6117
-1.042162,50,745.016776
-1.339858,50,745.418392
-0.951265,50,745.851629
-0.974675,50,746.268555
-1.162755,50,746.664193
-0.678481,50,747.080862
-0.703599,50,747.488028
-1.460849,50,747.883701
-0.878263,50,748.288563
-1.011323,50,748.704059
-0.84598,50,749.154746
-1.226998,50,749.590735
-0.750039,50,750.032742
-1.056335,50,750.457041
-0.991169,50,750.884694
-1.267586,50,751.312367
-1.773617,50,751.74948
-1.090418,50,752.184363
-1.170007,50,752.651381
-1.118733,50,753.101796
-1.412192,50,753.510398
-0.871112,50,753.9182
-0.903392,50,754.322785
-1.030089,50,754.754983
-1.358852,50,755.166322
-1.11583,50,755.572606
-0.889997,50,755.978638
-1.478735,50,756.390353
-1.90256,50,756.803487
-1.131129,50,757.224188
-1.25906,50,757.653764
-1.106107,50,758.068624
-0.919856,50,758.492435
-1.220376,50,759.771041
-1.454724,50,760.255999
-1.046911,50,760.74113
-1.181988,50,761.197109
-0.886965,50,761.658298
-0.8564,50,762.137927
-0.962425,50,762.609543
-0.781948,50,763.11645
-1.243663,50,763.526742
-1.987879,50,763.940961
-1.136311,50,764.355479
-1.583969,50,764.763216
-1.050118,50,765.176399
-1.720139,50,765.608853
-1.058294,50,766.042191
-1.397874,50,766.469214
-0.973107,50,766.876013
-1.214194,50,767.292646
-1.299667,50,767.744698
-1.058823,50,768.191466
-1.174111,50,768.634886
-1.203921,50,769.089518
-0.690491,50,769.561402
-0.625061,50,770.016774
-0.91951,50,770.501496
-1.137366,50,770.94414
-0.938313,50,771.37383
-0.806461,50,771.791255
-1.296536,50,772.199488
-0.835551,50,772.609395
-1.162915,50,773.023524
-1.030717,50,773.449878
-0.773552,50,773.877925
-0.790606,50,774.280915
-2.078197,50,774.685383
-0.869281,50,775.08742
-0.779058,50,775.488113
-0.872056,50,775.886266
-0.82803,50,776.305571
-1.015064,50,776.754226
-1.024525,50,777.174494
-1.108696,50,777.596702
-0.952719,50,778.032047
-1.019579,50,778.456815
-0.959791,50,778.895242
-0.846463,50,779.360511
-1.455178,50,779.840794
-1.412165,50,780.276511
-1.136265,50,780.681791
-1.101648,50,781.078613
-1.107925,50,782.287298
-0.88879,50,782.725898
-1.03848,50,783.159902
-0.921213,50,783.559504
-1.197725,50,783.956376
-1.645741,50,784.353805
-1.200713,50,784.7558
-1.395222,50,785.15977
-0.967349,50,785.564677
-1.066769,50,785.990767
-0.745527,50,786.402672
-0.799078,50,786.807433
-0.783781,50,787.20711
-1.03081,50,787.610398
-1.012832,50,788.029657
-1.17618,50,788.446694
-1.009455,50,788.857942
-2.242008,50,789.285106
-1.634029,50,789.711692
-1.350188,50,790.133794
-0.816536,50,790.533516
-0.864257,50,790.924872
-0.956889,50,791.323571
-1.265187,50,791.724525
-1.464126,50,792.130748
-1.355533,50,792.537354
-1.291945,50,792.951786
-0.567685,50,793.386391
-1.035298,50,793.793406
-1.601285,50,794.208147
-0.958438,50,794.60974
-1.489741,50,795.023108
-1.386043,50,795.434388
-1.21107,50,795.844711
-1.187582,50,796.258193
-1.163766,50,796.664394
-1.123684,50,797.072716
-1.360921,50,797.483857
-1.288147,50,797.892769
-0.767026,50,798.288856
-0.900797,50,798.688791
-1.171684,50,799.082989
-1.025464,50,799.497934
-0.824678,50,799.898087
-1.115188,50,800.314253
-0.934392,50,800.714428
-0.89925,50,801.108571
-1.198434,50,801.530408
-0.863672,50,801.975782
-1.000426,50,802.426062
-0.819668,50,803.694685
-0.850948,50,804.107785
-0.959992,50,804.515898
-0.964622,50,804.922785
-0.859876,50,805.329398
-1.230356,50,805.744859
-0.874765,50,806.155748
-1.590176,50,806.571481
-1.253262,50,807.027846
-1.147678,50,807.452838
-1.042226,50,807.89939
-0.614084,50,808.323179
-1.600956,50,808.734857
-1.025662,50,809.141853
-1.205403,50,809.537534
-1.06583,50,809.932441
-1.094472,50,810.33426
-1.084651,50,810.744794
-1.103178,50,811.166487
-1.21305,50,811.598526
-0.945995,50,812.036679
-1.150248,50,812.464365
-1.293185,50,812.868028
-1.052708,50,813.276483
-0.934413,50,813.687714
-1.698039,50,814.112663
-1.396431,50,814.529752
-1.728836,50,814.959809
-1.292929,50,815.415453
-0.912476,50,815.898572
-1.257662,50,816.378036
-1.183162,50,816.830793
-1.065274,50,817.246688
-1.002735,50,817.65047
-0.760509,50,818.052695
-0.822131,50,818.452656
-1.145007,50,818.865227
-0.991029,50,819.289784
-2.037613,50,819.748027
-1.203976,50,820.224914
-0.82507,50,820.665808
-1.124119,50,821.145606
-0.800477,50,821.597043
-0.843436,50,822.041518
-1.286308,50,822.48704
-1.611329,50,822.940276
-1.038955,50,823.390818
-1.045329,50,823.801036
-0.913531,50,824.223894
-0.889048,50,824.621736
-1.050683,50,825.8657
-1.599382,50,826.279526
-1.060426,50,826.682704
-0.622818,50,827.11354
-0.915817,50,827.521874
-0.80222,50,827.927914
-1.442121,50,828.332162
-1.31411,50,828.779509
-1.720053,50,829.249455
-1.095365,50,829.67362
-1.514664,50,830.105992
-1.018173,50,830.551806
-1.433959,50,830.988258
-1.218919,50,831.431531
-0.749919,50,831.864809
-1.098626,50,832.334661
-1.227631,50,832.749934
-1.519859,50,833.157409
-1.029679,50,833.567079
-1.206623,50,833.990169
-0.995937,50,834.419421
-0.905591,50,834.83096
-1.075533,50,835.256336
-1.52341,50,835.695745
-1.286017,50,836.128181
-0.685608,50,836.59992
-1.176004,50,837.043624
-0.80667,50,837.48102
-1.05601,50,837.934464
-0.90992,50,838.383526
-1.135831,50,838.79815
-1.294388,50,839.217935
-1.066442,50,839.635611
-1.203771,50,840.077184
-0.771773,50,840.518538
-0.725086,50,840.947123
-1.350218,50,841.377777
-1.597156,50,841.823622
-0.852462,50,842.278738
-1.072094,50,842.733798
-1.185304,50,843.136286
-1.531879,50,843.537594
-0.875888,50,843.939781
-1.284793,50,844.338752
-1.153851,50,844.741464
-1.274012,50,845.145933
-0.953789,50,845.543776
-1.323149,50,845.962373
-1.236705,50,846.365203
-1.248387,50,846.760623
-1.036327,50,847.930709
-0.960246,50,848.339552
-0.965846,50,848.755674
-1.080572,50,849.189776
-0.926146,50,849.614571
-1.071976,50,850.050771
-1.300679,50,850.493509
-1.792132,50,850.937109
-1.113857,50,851.374663
-0.705112,50,851.830601
-0.915254,50,852.271602
-1.115161,50,852.695408
-1.155084,50,853.099564
-0.813364,50,853.493679
-0.700864,50,853.893685
-1.105498,50,854.303811
-0.799095,50,854.712698
-1.044201,50,855.127082
-0.698263,50,855.527883
-0.948965,50,855.937835
-1.109247,50,856.349761
-0.987862,50,856.759771
-1.961473,50,857.196259
-1.081435,50,857.633607
-1.098081,50,858.033334
-1.407562,50,858.432618
-1.006906,50,858.83619
-0.765022,50,859.240882
-0.948877,50,859.663747
-1.124246,50,860.103886
-1.318333,50,860.506932
-1.125467,50,860.934541
-1.295549,50,861.370696
-1.008561,50,861.800199
-0.974925,50,862.235253
-1.370639,50,862.685701
-0.879538,50,863.142607
-0.819387,50,863.602413
-1.049606,50,864.071535
-1.465541,50,864.476168
-0.561767,50,864.886482
-0.911999,50,865.295077
-1.125106,50,865.694138
-1.004151,50,866.098133
-1.041943,50,866.503524
-1.277139,50,866.924474
-1.32915,50,867.34622
-1.074208,50,867.740309
-1.881541,50,868.147076
-1.097884,50,868.547599
